image_width: 1280
image_height: 720
camera_name: c505e
camera_matrix:
  rows: 3
  cols: 3
  data: [1454.679088,   0.     , 620.534997,
           0.     , 1448.817368, 406.473447,
           0.     ,   0.     ,   1.     ]
distortion_model: plumb_bob
distortion_coefficients:
  rows: 1
  cols: 5
  data: [0.097839, -0.059646, 0.006660, 0.010096, 0.000000]
rectification_matrix:
  rows: 3
  cols: 3
  data: [1., 0., 0.,
         0., 1., 0.,
         0., 0., 1.]
projection_matrix:
  rows: 3
  cols: 4
  data: [1483.514832 ,   0.     , 629.394887,   0.     ,
           0.     , 1475.170373,  408.852193,   0.     ,
           0.     ,   0.     ,   1.     ,   0.     ]
