image_width: 640
image_height: 480
camera_name: narrow_stereo
camera_matrix:
  rows: 3
  cols: 3
  data: [835.79849,   0.     , 303.31821,
           0.     , 837.71055, 247.25766,
           0.     ,   0.     ,   1.     ]
distortion_model: plumb_bob
distortion_coefficients:
  rows: 1
  cols: 5
  data: [0.127660, -0.120863, -0.001053, -0.000237, 0.000000]
rectification_matrix:
  rows: 3
  cols: 3
  data: [1., 0., 0.,
         0., 1., 0.,
         0., 0., 1.]
projection_matrix:
  rows: 3
  cols: 4
  data: [853.7735 ,   0.     , 303.07162,   0.     ,
           0.     , 855.26984, 246.32894,   0.     ,
           0.     ,   0.     ,   1.     ,   0.     ]
